$ANSIBLE_VAULT;1.1;AES256
63663564346162323165303766336538333861323639336531383430393764666231316234343833
6431616132343233646134346463633862366663306431370a653465353438303761363733656162
61653433316635653932663435343432386361306562653134366463323238386635373933366262
6330373136326361360a373163616362323261633232313266333364353937383738393233643732
30653362303339333036326561613330643831356164646636376564633430653739383938393231
61383361616264346466633630353430306263303431666663623930333435373036646363643237
38646339316662633339353531633538646134373365336562336261653534323233636338613564
39383361623032333636316362373961363538633636356539313535333839326137373934373466
38326235383633336139653234616331326561306633626139373531356330636232336136643665
61343337626662663430383835333136336362613534623334626463323662623461646336313466
34396135636165646137346631303634333736373632323365336138656332633039646364303730
32356135313261303937393831333034303238353137636139616237363830363531623865663430
63343063323962363630303461616162393766333263333539333566376634316234393533303261
31643137333738393037316562633632653735316465323364323236383965393934666463303166
35386263613962646339353065323438326539666235316266393162636361646662623366393032
30306639356634303132323038393037663431653761303333663262303562643362343966376333
66303565666235343166343534343433303930613838376162653465633638376562643333623233
36303139343264643436316435366463626434323938646563356135373338613234323866373662
66356461363963313635613964356663336666306631306461336139613861323866636262643765
61616337353937373964313433333432396331613539663932646239613863343463613865323239
63613038343263623631373535333936313666373161653038643462333230623834653733383261
65376563356466336335346632313334653066613738323361363130373437653262663035343164
30623937373637656138393833316135343466376663333561663461323139343035373335383464
33396666656538313733363961653563306164393966643132363363663461663432653963373863
63306565316265303466653832306361373434663863663139303437356334646231313062333531
31626361323535623761633137633461646637386562323461643961643163346230363630623765
31313432363363326433346539326337323432663134326231643462653338383730383432336538
62663537313934376336643236663136336264336361636433633633383434663635393539653766
30326537346330326538353537636237323064396432356464653530383939636435646634353661
39353462373261366533646261323036636536653538616631396562366435396539323638643764
66633431643235633738343735313832653239313632636165313439666538306234343336346136
61396231613530303264313362303263646233373034323761343263353637636433333035633930
38356366623662623761373165633562643564383830613965386463333130363435376662353938
39386437383765663965623634613031396633303262303663313530313033353731356364386333
66643739653565323137666532353063393861306662366261333063333433343562363761313639
33383534666633653630346131666565356435333438383435366435353262326531373933346330
31333166613538316466666161613836623434653538333734376265303438646432373465376636
36396239376163656530643363343035376635346131323139623634353230353865643038616265
37616639303130336237333739363462616338666638333033646366343963333432383033343966
39386132306233623831623763326639363764376635356663663530613330326463653532323639
33623638633031633038333737373437363364666563373331353437353361373631613938353031
36313366643766633332383638666665616566323636373065633236646661613661393437353938
37656331366231326633303366653432303636383132363437623436333364383835353937376232
35363932633662373661313831633938636132386132373262383635373637643537386564366139
37346238613533303634323939323066396361306237313864363532623030343431353433323039
62343461626464633865613433313461373962393666623931613833343136643665326262323936
31666362666165313061376539376565376463386332303966363835366264663231383861666162
66333332316333383238633133643339633139346237366262383130626139646164383832623832
32326361356630636635393631313433333866613430303365346566613862333061353566346337
34343736363731386434373139326166633135633230613765373231356633626462623838336166
32653165663766313031303237343463636438333061353736356138393565633831643932313961
37656665616134316233353034343234333530323730366130623533393062643632366234666430
61663932663837363539326161666431613238303065633334326362633535383536366637373631
33353230346266393239616266313533306137376463316539356532643534326231316565376264
39383436623065376530303064336461316561613964353165346634303464363030316563333136
30623566653730396564363835623235353166376236346235623662376436356437373832373232
38653332393766363363326665363936656634656666656337626162613036363835316364633161
33353630653837383435623536633261326561303731333966323534633337376232306530323437
30663530303363623638353966303333306463623462653436393836316536326639326664383662
34353238316266656263653431616239613131306161613438643563323533316435343163343732
32653930633839633536323263623064656333373338366234333634373962356261356339313135
32643966323861393139623564306137666330626566343261323165636231373362306362353633
35653636303733313834326366653661636438633763316433323236633862633536636566346134
61326432343436623031333065666565636261303361643831346337653363373331353431666365
31663338336432376239313864393564643339336330663837383334626231336564333764653232
65366464346138376638626161646366313734303764333033313639346262643336386232383430
34353833376336653563366238313064376636336162313866386263353335616639393637623264
62316261666132393565303063626535656339633862313062643164313637363561396633626363
38306532363537626439363833323562666132666266383933343636353330663933646635313530
36373463353565366566613834623965303263343264323931313139346466623137393961613962
37323161366562663262366436333638373832373465306263346266336134626532626563333839
63653136336330323634316333353662626637613934346631646436613233383364323462623363
30313237653836376464366233376238316361346330343038653236373765626635623662656461
32613731646231363638363764333461323731636138316361653763333236383562343732326536
34616639653062386139366566376134356166316233343139663362633161396261363332623937
36363330353337323664353837633333313333306538626632333763376635363564303731323832
39643239343833623461663131343334386438326663363062613938326634636539336361363131
62393831373239306334363363343232646633396533646433316363343238353465633431626132
33396230653335373339313633663166633466343331383335616534626133316636623763326164
36313431323563386338653961373232626661393835366563663830316338323931633931323235
32386565333865303137623137386163306633326637323866646639303161623465323233383162
64373033386461386663643535653237393734323438326434363639636164346639363961353865
32376436396331333763353766336332623565386439373462393763363961646164376163306261
61313564653832393639376433666164646664313436633731653537393265646331303836623430
38653466376238393837363533623934613739363664323339656134346334363763316365623230
34373563336235643933376533656532643033383733386562343433656536643433346532353936
39643862353863643333626334376265323037373439366334326164636534336566316231303930
36336432646134653136633131336337643234383662376261633339396230386235613564343461
62653432396439623166393966333961366264613138643635613739303963646233343833656531
38336430653538333930623763663765643261666635613166333562383662393161623134666666
36393966343432613162353137383037353065653631376433393338343862343037643661653832
32336337376538303936653432646634383638646236636464643532353666306434313339323066
35623635323437343637633737633639393262643136316337623234346131643864396336383936
66663462353231363663613930393631386637633032636133336330653766643638343932666532
38313064353465313832383032343262353734353962353464613036376434663839343265383036
64643863626462323639386535343633623535393536343932356239663366346338356330616539
31656131343030313766343436623964636631396665363135613462363536343134643434626239
34313137393335323032393362313461613534393030363132366239336261363930643231343661
39656362336334633234663835626464393337353263303063666636383932386531323761646164
34393533356136323261343963356539356632646366616164643231376363306234313365326134
30646239643962663263663533333533323963313664363635656666313130653566643134303137
62633761653330333934353263616636663934323038663536656139383865633163333437353731
62623738356161393634663565643161323838393464666435653431663437393663666265623062
64393662353931326333323264366531323535353932363537326361303135383231356239303732
30656233373239316662333565633266663435616462613563386630656139383138346332663538
39323831643639653161303966663734313535373038356565356264633231356132633031356662
33663233656130363265343565633032663764343333376539313435356137393333346436336138
33363864303430353139653863326437323865393330303435393263613135653662653264643533
33336434613436376461326431306435366263353837663439326230613764646134303562333139
38653666366534356662343639653931366138386339383130386366343065346164306333373232
65613938333333396662336564326536626566323737393964303832383866613330346538643663
62643964346639656339313264633835643236366263373764353139616165376466663562396138
64646332333563316535666465613861626539336663363534363132376665343066386438616362
30353834396237316630366432333832653338313233346263376233636537633663383264386564
38393830373634373466353663366439636462313965323834363331353230613265313263656565
35633232623839313761636666646239393064656633643934376230653761363934373336633166
34303764303331353439643435303239393537316364633634353637356336353239383130623432
61373530613537636162303233343264336162303534366239616664383636663164623663623062
65303231343931613061333262383537376561653439633564613134653363663639633665356161
30633036376466323062623237393432333337373066333332343236303432623734356236386430
37353035366531376233376563383634393033303738313935373031373430623861323266646434
34383631643461613361613932313234386439363334363337373237373431656362326338616133
33636134656130373434633930663331646261373335333234313761323336666535613230663032
37633932646439303239613965623836623539363734653936313533646662306138333938313361
33363661613938623361346336666564343237353561633333633237653833333461646630646632
30366138383039306536323230303262393930353362653231336263663839313763656462643731
38636133623137646665396433633534633838323163363639613263386363313234323638353433
34363135363966636461396462303730653465323632333762663063353433396238316362343563
38333765626465666265306533326431326338623166333635373434323838346636366563303761
36643933313363633566313830613965343766303830396239323532653938366139313161376162
39306562346635396130386639373365613632306431386262343733303966383966373532323634
33666532643134343235363737623766653563646239633266646533326464366436376565636662
31656261343934393730656135663964306165313738353336393436653935343366346262636465
63653931386363656234663766306434333335326339363034343365613062393437313131393632
64303632616466313432356331663030653735663561313838336337636333346432666131636231
35373239343365633964333336313335643963336465633137666430393730363234396138366330
33633166363965396237353764363234393431376636363835386131653735653065333038633039
62323734323462386134326239396632336230323533666562656161363432336331663830393830
64346334303664383934633730636164366532666339616633623035653266343339323766346534
39386462663132326232386363363736316164346231323364393737343835386234336630373037
63303237646533613063396335363264666539393763353938303239623461366366613863396263
32383031373039653536373261336435323935336466393231666331616331363666363033343534
38386335653636316434346436393831623663626533336630326137303262316436346463636432
36613763393130376330343438653839623364656339356237323662333331353431366138656238
61333933343433666232306263316334653465373665373838326431363461343535306261343439
64326633343735656333383130653434326531346665363037653631306437666562383832356161
61313134626636666630623738653332643830393331633966333930666565333863383464616361
37316263616535353333393730323961326264636538633964333763643964333362626131636162
38643836333364306238356130306239643436626533633266333536356664623134643833323264
35353666633166656466343062393665333035303463383463303463353239666137343861666435
63656136393064636231633862373131353431323433336639643862366131303937656465376635
61313337346561383863323739386463323137623163353736633837393534363233363633363231
65353637613238653532633835333035366637626233663738396362346635346134343932366564
66396566313631343863393237366464316339386636646464633034313932613836643036623637
31326133626435353433313131303831313365383765356232656162396534316166623464323362
37363539393132323438656462383934393234346539303763363633666662303831363832313263
37323066336561343635303662376238326366306439663635306238666266653863343736393462
61363933633435323361343337383464383733663263323665663231333035616264613262323630
38393331643132323739313766633262316562386465316230333930656233663330636133633331
62663935643934363231386531636465383032613037623362336134383438653335616462646232
30643437373262323635393463626564633966396261393666303762373431383664316161633632
66643263363165313064323266636636643264643836363838336432616337393865356366626434
61306131323630626233396635396562363966666136646263333836643962363531646438316434
37366136393032353335353265366433313539663563646236376130346635376134376661363066
37653365383563636237663235376633343064396461643439623664633363363133613033323336
38323636656464656538313333613361373638363866663763396433363932373932356564636534
32353134333931363865646464306537383962663831306537326231333564373931633234316236
38663730333932623138386531366265653336323236396161666563383663646432383065643463
38393163616438363066386663613162386430636335316465656137346432376537613338663033
39373032636661353863616365303865313836373062333636373164623339323631396438653436
66303363636631643362386466343865393631383366396630393239316332376561626139346265
30633635663733653865313334353538323735323366643937653162393139326562363364633938
64643236646431303236366461393565663165313964373735393535643834633337386136616337
33353463326537313562366532636236626132613464346361353536306136323738346234666431
61353330666230363034313835343939323833613135636338653363363731663764366463343266
66626164353631623634393164653930396538323062643732636563656563306332653033363532
34383936323665303763386132376232376364393039623433626239333062366164306530343364
30393361643338613561343563646135323166616238313463316362366537313761633663393762
32636536393730313631656430333532396630323930323739643439326232623361386337623366
39343839616332623830666639653565373563626434336133656261626665393039636462393538
34343438646137363231373137663536303761646537303565653463643136613433356632383638
62343235613930383330346237333432633332313039356163393665333564356232346564633961
63623535386438613036663765663432626263363838353833643934383931343332663264343164
63386236613030363236633836343837653363303433383030626564373061346664323937313533
32366466616632356230316539633966356635666466356263373362616136353265323633376136
64343139666235333133643139373036376538373062636465313362383632323833643764663638
66633165353537376432373730356238383264363165363563353462346532336230343066383833
61363436666433636361663664313530653334313161343064353735303935393634623966323861
34633934343632333166663933663738653862626236343337653638363166353935616434633938
31316363643232646534663661383630623934343563353332393463326436323331386466303362
66306333353961623664313939666633373763376538633932643030363137656333393938363831
32623066303533656362366134343533373839313566383738633937396234643432363035336239
66646338373737643762313566393039396266333339383364623130323439636365343364323137
34363665313562306434343764636235663738396533393230363263636434613465366664623466
66396661366364363763613130346463366537363037356565303261653132373739353032626265
65373838373164633530653262666161613336316436353437623238656330396438653338643536
39653232383061313130323037386130353264633562666564333463313432646565393134393431
63323337663335346233633962343933396461653337353936363232613136356538663466303934
38383232316130393239656564353139386566393565313661633134393263666336616132343963
66326162613933323237633130343131333539373431653337396432303533626538613830363735
62373439376464323432396632366539633038383438383165666664353765343333366262636138
34343462373735373935313339323931343362356237396365383336383634326533346639366631
30326335316666363065383663613864396538613432656332303266643337383161386561616266
62633539653366393034326633303330613065623330373665356432616137303737326665613666
33613638326165363433623439353064646233356638336131623062346233643734663865633534
66376662376232323938356238336235303834353736613232353166323138363835373463636263
33636565343962386539643163643863623966306265636265303339616338333233343032353434
30323132643661333165303866643535356562323038386162363861373535646161393737313230
34666566346531636262626264613164623439636161316235346461623539613365336636336264
61373663313533353862336163663761613365653834326161373537663632373562633533626466
39313430626265383930643863316534343465366531396136316331613835373362643233386435
61633166666635633438326261663239323263376134613134636630313437393630373735383538
30393838366338663238376632613161653633636437383337333431363538633930313964633830
65623561613036313239326633303430623332363464313936353530333461303236646366633965
37303765393464303139666235303337386263323837643035383639616535636562653334623839
35643231356662616534366538656433636263313435333130326565343836346165383232643865
65313765313162343862666161626366343264353139326131643630666664323035643935343735
38383366663634313938343066313761303535313037373765393935613861383464393330373266
64376330353531656232616364653433326163653165623338353737666631323166626463623533
65316164343134613261623132383131313561323230313732343964353862383862366630663664
31656538313966393763643033393866666238383830383266633564626561636564636563303538
32366666646461346534636365373935376234363437383130653263353434376237356330346464
64323264333262616362376465396264343563666433343532346662613865343030663464666332
37646663373332666239333762343334396163376162633431656237333861353463626566323464
61313561366562376438613464623335653064353663363835613265343734346137393434666235
62333930326166336635363834346566326331663236636461333935653336303738366436383163
34363864623138623334393239326433303032343962663539616463373831373562316461333663
37376565613066353564356562303763396265333139333132386233316333623037306134636132
39396136343961366230306231316634333230326137666235646332373032316532353432613337
62333537613563653238393861346133386363616430386438626464313261646231663465376463
32636264333333326462663062353931346663353562346332326631633463316261656462303735
36636462653364313836353637373934633766636130343861646636343363326633636535366536
33363132396663663062383361663335396262343734346661663330653530333662336364313931
61316331623466613462653631373063636639396237303530303466396533316264376139343938
61666163373936653166333231306361336362363337393236366538373430653236303237303731
39393839386635333836653937613838376664306430376431346537633537626465366337363336
39363762643938613461653564373962326439343062343731623830643934303961396338333635
65613162346632623964633530353364663839383631323264383737613738613335386461343837
65623066633364353462353730633665643966623563336464633862346435393833323835323830
34363666373566643034636564336634323338376266313462616139346461636532666166336131
34653234653634306464363130663938636563313439626564313361623138623965373734393435
34386566666464396466633332303739323638643331386461626331336634643738396463383732
39383236393761363239303830656435363064356233343338623233636335326439643838623961
38643031303038636132366562386533393961616231386666643232323333343233373831383339
38333532623030366363616631663932633933646138653134633061643133363231343065306364
31633434366337663138366133393839326564663161333864343065323535313231316565393934
31666662363031623630656363623233646563613430323437636166396634333936386562303037
66643365623362663530336165363033336439396362393736326430333734376162663436383638
65313965346437333338643266373038356534376534613732363339646137336437653030356630
66653663356237373231323261313138343631333664666335336563653837643166633665313236
31393230646339376432333731373633666436633237613330326531666665373036336163373965
37376533306435343939633466613364646637336462616339393366396135643664653836323939
62346237313736666265363431316634666566363737306464623137366235656533326562636233
31313430333164626433653963376164366566623734613337373266393531303939663539666133
61393035316133373161373436613632306535356137333835623431356537626634663465623437
65323734663438363139336339316637363138333763323435653535353930636637373931323964
39646665353238636463386335616233326133656637656461616465373630353132623639636265
37343361346464613762633330373836613866343566353063393861616366393666633031383331
61313135333565353631346132313136626461323233633938613966393566316632393131636136
62663061633731303761353535643234643839633065383433333034333561306431663135306666
65363837393566616164336230326636373238623731623432646438386233346539653166313166
32373039326262303531323936306231383862636661633463633965613365333761656132366564
36373062386230303832323436636535626561356364386135333139383333356638666564363531
38313433623932656333343936393733613233303835383034353062396632353438316534643034
32303439623031353764313037646333613366656665626439303039373333346131316330386466
36633036613832326466363161353566666538666530383764313864306262363236363936343438
64376135333038393232323338663066376539643963356366353464366532663832363666613931
31623065616364313566383930323562333663653230633030393937356436656430346164333937
66623431616332343166316638303761333131646466313934633534666133323235623431313163
62326365623965393132653264616432643361383232363765323163653436653135313538363763
37326362313933633134613637626266613238396463613334316537336466643134383834663561
61633334396632663439306130626138643734646332393938373666333633343233353435343337
61623434393665366166623131643666313430653631373936363838346365643936383237353937
34336161366662376266336237633939646534316232353530616465393839656435393664353439
63333363366130613037346465643832373438313264346566666239353062333935336366303763
39333766323732396364326361363565633138386463313336373939366432353763323337643466
36373836326637656531363238626463653239656537623639633261653035313366333533326530
62666235353334643032623061313632323039666162666136303531373665343166306339653035
31386662643762366666613832613133626230373865643534646162373830396337306133373639
34356562636633346663333933623531643634633364383537363132366230623138326438316362
61313865346164393930383938663331636234353264633339323436373261313564666363663661
64363938353439333762656163633536303964303935613263616432303632393463366232343864
30393666373861386266616235383764343838646439353035363663646439333633663637613230
61343963633538616638396663363934646533313338646663623864346535316234386166346632
65623035636233663436393136643734383061313764336339356134653362366430643737616431
38616536326437326537656532396630306166633937323732626331363662323962333465386562
62396363653130633332313532363236616435383934343032633464373235323336653562633432
31626664316539616336653633633034653362363462643763326561316638633738306535633766
31303334623634393639656466356134366531316439646364353737313863396165616531376538
32313965666337623932303439343261653237643337316665643331633166656338343534643238
61623866303031383632303466316436353262373766303331653333633133343330633837346633
38303232363130303736656366373433383263666266636139303238333436306134613736373366
39663835376566353535633930376538366364386637613062326331363638393535393165363535
61336430353632633834613632326439306635643862363437613539626336346365333533393764
66633535323234646533306531653061643863333337613436336233326166363738336265656636
30616463376638333833663662353562613039653335316364363038346334383536363037646164
38373439306364613965333534386363396632643431653762313064343130363761333162663334
62623463353939303634643461346564393632613639633131343166333931613530396531343063
34316539613366353561316265633562306564663036616363633335333830613839343433353966
62393161323037306532656532326138613835313730316334303736343865613837366263383435
66323266613939326338353335656435316636393466333363336136623034393862626334303236
36303262316230393661363134383634303732646364393363396238346231326637316466383631
64383437646334303731666334343739373339303932326431613762613661316337393132643836
33333564663033616430613632646431656536373964643437316138333438343233383538386530
35643039326236383866666465353339646336316534353462366663393534303039306563353066
65353739653137633136376236353761356362373962323961386137323935343263383962623033
38333862356238303236303033656338643339663439646235356132653262323864376363643165
38363638303930313335393539663166303366636131653365663730386638333565303238353033
37323465343961333534393631623333373932396665643566373434626431353434373765633537
35323334353739396163393337646163363936393233323935626638663436643365666333663662
65396437653463343265356262343234393661313332643232383134336664303430653561663964
35373165306535613937326462336564326634396363346666633736366339323961316130313631
33616132303931393762623132643331316534353764303561316336336533313161626233313161
32653038356465626338366662373565306331616338376639373733383866646337313961313838
32643030366235393731623939363536643861313331643865633431323734346162323466636631
65663663653564353238626438376161666534616139343164616132363961633535626631393338
32663133633735303236363836323331646161386263626562343363353263376336643662383966
34376330396566643031323234333030376335646631356266623336653231343764623531333030
66303334383862356264373364303261623864613065373138336662303935653333356462383664
38633165343939313936303537353438383530613266333135336639613535383231343133396364
64346239323539663034653161633238356335393863653730663830616439316538646464353236
62366537373064636135323439383266313162393466333061346131653064383835656166393735
33313065656230656364326535366363383230663231633036306466336135373232303836323264
33313431633832353666336535643837326335623637633361363331353938323336663435303138
63333963643365386434396664656631643537396461366336366330663434396161383032323465
32376132316435366362333063653661353364643730623265623334613635363963376561306230
32623239623764333531363839376662613565376233633133663363396639333865626266393765
36336636333865613738316130633337333835663262636666323136323834363765643866636563
37646561306535336435303265396662373332636431306232623338633130353537336134333330
61383035373061343661303130396162303564353834306130303265663962646636366235306530
62383038623761376438363838636136363861643166656335376138366530646437616330656237
30663831396130353863613636333166343630353166653137336637623364623561386262646339
64613532303835666438613030316265613735643332333032653134623439316332396361346661
63323765323539366633303162383365663334333063343565643265386266333934623562656261
62653566396161613063306362326161363730623465636330306139623930316530326434326437
32366263376138393937623635653439616262353032623965323336653235316132613130333037
62313931303637336539356334663836303130633566343666356137366363646334656561373964
38663764393435396437623865363263383462646563376336313064393462376237653034323433
33386538346465333733303031633536643164346338356537656438643666363732613838323466
62366361356664376339346535623031366530376161613631633030313464333861306136363335
30393136373838643963336439313331323039386131366535386236643735353266393339643938
61643965656362633539643730663935356661336538313131353639633263333762353138343938
64666264383061343536383838663531303832386236373737626265643738303437613964333766
64366339336235666535303765393338613764333836343932616437393163316134393463393738
63343863643130396533626439643930653766336266616465643563323536316439333663656333
31666635373832313635336664613035316431363434643231316562336533313239643838323561
39393132346462356534336438643032346265376566613936646431346137356534643564333939
38613165663165616566353634663962636434356161613435313862343531636134316266326138
35343835343935646237326262323161303031303930323436353636303934316263633135653665
33356662643832316566633263393335643132336364303562383866373661313131373236306530
61353238623330613935623035393136323137613061306238356331343566356464313732373530
34316131366439303833363637396365303361383731616538626634356433396364613133386263
34666363303133316466346362623932373262353932623330303166336263393032373565333430
38366261366531316362643330323761626631336665393538646630623465636639643335346533
65353239653634646334633938326638353261613736613932613235643334366663366431346465
65353964373330373638356138306239333836323230356234653766396239643664333639353035
35306132663436306265646430623763383465626265373136666166376539343139306636323338
64323064646336383339303164653263643433336431613233336139656530366263633462643630
34353039373433346361653737633166313536373431663561346333376134626365323633633137
37316464386564653332633963303039633434653636653332633139663364646138386364336461
65623365323462393137313139623461363361656238393263333061623836626335323833383539
34636663656231626366346163373139303462326532663933663364643132613664383830643933
35313562353438316164376138646465326133613633333235643463613732343134333363656431
30613138363466373533323961666438396261316433663033383366383165366136616565383933
63643937353230616334633661373138313435646231343063343464656139343032613366656565
34643433353838656566393031616664646331633530333461383034316334303561363363353038
626338646431353466326565323361626236
