$ANSIBLE_VAULT;1.1;AES256
63326632386266323436643963633337616364306463316337623136353638303139346132313563
6231393633393431346661353963383065376636633139640a636538376635306232396438613661
32303163333436633431613837373036313334373466313362326335383739613562623935656331
3535333039326263300a373632626333343661613136356530306135636234633131616233326262
31303734333335393738333535613136666639366664653239396631383961653063616231663064
38396665356430643830333266306562653038306230646632306464616239363431336536343836
38396436393339623962653532306165376337323730643939363037646463653132346563383538
65356634613534343435646565353237646631656461373137633261343565643861376236666133
33383239383265386435636634613236323336646537346537306231653564306531333632623761
34383539356163643637346434343562643537343361313238366435623866636163333538393361
63653433333963613766353634623138393361313039373830616536316136646434303866663534
64333138386464613432366333616439396331616261366337313438643364393139353961646338
3639
